70134000,70134200,70140050,70140200,70140300,70140350,70140420,70140450,70140500,70140550,70140600
0.0,0.0,0.0,0.0,0.0,0.0,0.0,0.0,0.0999999999999091,0.0,0.150000000000091
0.0,0.0,0.0,0.0,0.0,0.0,0.0,0.0,0.0,0.0,0.0
0.0,0.0,0.0,0.0,0.0,0.0,0.0,0.0,0.0,0.0999999999999091,0.0
0.0,0.0,0.0,0.0,0.0,0.0,0.0,0.0,0.0,0.0,0.0
0.0,0.0,0.0,0.0,0.0,0.0,0.0,0.0,0.0,0.0,0.0
0.0,0.0,0.0,0.0,0.0,0.0,0.0,0.0,0.0,0.0,0.0
0.0,0.0,0.0,0.0,0.0,0.0,0.0,0.0,0.0,0.0,0.0
0.0,0.0,0.0,0.0,0.0,0.0,0.0,0.0,0.0,0.0,0.0
0.0,0.0,0.0,0.0,0.0,0.0,0.0,0.0,0.0,0.0,0.0
0.0,0.0,0.0,0.0,0.0,0.0,0.0,0.0,0.0,0.0,0.0
0.0,0.0,0.0,0.0,0.0,0.0,0.0,0.0,0.0,0.0,0.0
0.0,0.0,0.0,0.0,0.0,0.0,0.0,0.0,0.0,0.0,0.0
0.0,0.0,0.0,0.0,0.0,0.0,0.0,0.0,0.0,0.0,0.0
0.0,0.0,0.0,0.0,0.0,0.0,0.0,0.0,0.0,0.0,0.0
0.0,0.0,0.0,0.0,0.0,0.0,0.0,0.0,0.0,0.0,0.0
0.0,0.0,0.0,0.0,0.0,0.0,0.0,0.0,0.0,0.0,0.0
0.0,0.0,0.0,0.0,0.0,0.0,0.0,0.0,0.0,0.0,0.0
0.0,0.0,0.0,0.0,0.0,0.0,0.0,0.0,0.0,0.0,0.0
0.0,0.0,0.0,0.0,0.0,0.0,0.0,0.0,0.0,0.0,0.0
0.0,0.0,0.0,0.0,0.0,0.0,0.0,0.0,0.0,0.0,0.0
0.0,0.0,0.0,0.0,0.0999999999999091,0.0,0.0,0.0,0.0,0.0,0.0
0.0,0.0,0.0,0.0,0.0,0.0,0.0,0.0,0.0,0.0,0.0
0.0,0.0,0.0,0.0,0.0,0.0,0.0,0.0,0.0,0.0,0.0
0.0,0.0,0.0,0.0,0.0,0.0,0.0,0.0,0.0,0.0,0.0
0.0,0.0,0.0,0.0,0.0,0.0,0.0,0.0,0.0,0.0,0.0
0.0,0.0,0.0,0.0,0.0,0.0,0.0,0.0,0.0,0.0,0.0
0.0,0.0,0.0,0.0,0.0,0.0,0.0,0.0,0.0,0.0,0.0
0.0,0.0,0.0,0.0,0.0,0.0,0.0,0.0,0.0,0.0,0.0
0.0,0.0,0.0,0.0,0.0,0.0,0.0,0.0,0.0,0.0,0.0
0.0,0.0,0.0,0.0,0.0,0.0,0.0,0.0,0.0,0.0,0.0
0.0,0.0,0.0,0.0,0.0,0.0,0.0,0.0,0.0,0.0,0.0
0.0,0.0,0.0,0.0,0.0,0.0,0.0,0.0,0.0,0.0,0.0
9.59999999999991,10.0,15.9000000000001,0.900000000000091,0.0,13.0999999999999,1.54999999999995,1.90000000000009,1.09999999999991,0.0,0.0
0.200000000000045,0.599999999999909,2.09999999999991,13.7,3.40000000000009,0.900000000000091,1.54999999999995,13.0,1.10000000000014,0.0,1.90000000000009
0.133333333333439,0.0999999999999091,0.75,0.900000000000091,8.5,0.599999999999909,0.299999999999955,0.266666666666652,1.0,0.950000000000045,1.09999999999991
0.133333333333212,0.100000000000136,0.75,0.899999999999864,0.25,0.600000000000136,0.300000000000182,0.266666666666652,1.0,0.950000000000045,1.10000000000014
0.133333333333439,0.0,0.0,0.900000000000091,0.25,0.599999999999909,0.299999999999955,0.266666666666652,0.0,0.0,1.09999999999991
0.0,0.0,0.0,0.0,0.0,0.0,0.0999999999999091,0.066666666666606,0.0,0.0,0.0
0.0,0.0,0.0,0.0,0.0,0.0,0.0,0.0666666666668334,0.0,0.0999999999999091,0.0
0.0,0.0,0.0,0.0,0.0,0.0999999999999091,0.0,0.066666666666606,0.0,0.0,0.0
0.0,0.0,0.133333333333439,0.0999999999999091,0.0,0.5,0.0,0.233333333333348,0.0,0.0,0.0
0.299999999999955,0.0,0.133333333333212,0.100000000000136,0.0,0.5,0.0,0.233333333333348,0.0,0.0,0.0
2.90000000000009,5.5,0.133333333333439,0.0999999999999091,0.0,0.5,2.20000000000005,0.233333333333348,0.0,0.0,0.0
0.799999999999955,1.20000000000005,0.400000000000091,0.649999999999864,0.0,1.09999999999991,0.900000000000091,0.400000000000091,2.70000000000005,0.0,0.933333333333394
0.799999999999955,1.20000000000005,0.399999999999864,0.650000000000091,0.299999999999955,8.5,3.0,7.70000000000005,0.700000000000045,0.75,0.933333333333167
4.20000000000005,5.29999999999995,2.59999999999991,5.40000000000009,2.70000000000005,10.8,8.29999999999995,16.9000000000001,4.90000000000009,0.75,0.933333333333394
4.5,3.59999999999991,3.29999999999995,4.5,5.5,16.3,6.5,29.5999999999999,11.3,2.0,8.29999999999995
6.79999999999995,6.09999999999991,3.40000000000009,4.59999999999991,2.90000000000009,25.8,25.5,44.4000000000001,5.09999999999991,2.79999999999995,4.70000000000005
20.9000000000001,4.59999999999991,2.20000000000005,7.0,1.59999999999991,21.3,19.2,22.5,7.90000000000009,2.0,0.700000000000045
15.5999999999999,14.8,3.5,10.4000000000001,1.40000000000009,12.7,24.5,9.40000000000009,21.0,0.766666666666652,1.59999999999991
20.0999999999999,16.9000000000001,14.9000000000001,12.5999999999999,1.39999999999986,1.0,19.7,6.0,21.2,0.766666666666652,3.59999999999991
6.79999999999995,1.40000000000009,20.9000000000001,9.70000000000005,7.70000000000005,1.0,0.599999999999909,0.900000000000091,7.0,0.766666666666652,9.0
0.266666666666652,0.399999999999864,6.90000000000009,4.90000000000009,6.5,7.5,0.700000000000045,0.549999999999955,0.0,4.09999999999991,2.90000000000009
0.266666666666652,0.400000000000091,1.10000000000014,13.2,1.40000000000009,0.299999999999955,0.700000000000045,0.549999999999955,0.0,0.849999999999909,0.0
0.266666666666652,0.0,1.09999999999991,0.0,1.39999999999986,0.0,0.0,0.0,0.0,0.850000000000136,0.0
0.0,0.0,0.0999999999999091,0.0,0.0,0.0,0.0,0.0,0.0,0.0,0.0
0.0,0.0999999999999091,0.0,0.0,0.0999999999999091,0.0,0.0,2.29999999999995,0.0,0.25,0.400000000000091
0.0,0.0,0.0,0.0,0.0,0.0,0.0,0.0,0.0,0.25,0.0
0.0,0.0999999999999091,0.0,0.0,0.0,0.0,0.0,0.0,0.0,1.09999999999991,0.0
0.0,0.0,0.0,0.0,0.0,0.0,0.0,0.0,0.0,3.0,0.0999999999999091
0.0,0.0,0.0,0.0,0.0,0.0,0.0,0.0,0.0,0.5,0.0
0.0,0.0,0.0,0.0,0.0,0.0,0.0,0.0,0.0,5.0,0.0999999999999091
0.0,0.0,0.0,0.0,0.0,0.0,0.0,0.0,0.0,0.5,0.0
0.0,0.0,0.0,0.0,0.0,0.0,0.0,0.0,0.0,0.0,0.0
0.0,0.0,0.0,0.0,0.0,0.0,0.0,0.0,0.0,0.0,0.0
0.0,0.0,0.0,0.0,0.0,0.0,0.0,0.0999999999999091,0.0,0.0999999999999091,0.0
0.0,0.0,0.0,0.0,0.0,0.0,0.0,0.0,0.0,0.0,0.0
0.0,0.0,0.0,0.0,0.0,0.0,0.0,0.0,0.0,0.0,0.0
0.0,0.0,0.0,0.0,0.0,0.0,0.0,0.0,0.0,0.0,0.0
0.0,0.0,0.0,0.0,0.0,0.0,0.0,0.0,0.0,0.0,0.0
0.0,0.0,0.0,0.0,0.0,0.0,0.0,0.0,0.0,0.0,0.0
0.0,0.0,0.0,0.0,0.0,0.0,0.0,0.0,0.0,0.0,0.0
0.0,0.0,0.0,0.0,0.0,0.0,0.0,0.0,0.0,0.0,0.0
0.0,0.0,0.0,0.0,0.0,0.0,0.0,0.0,0.0,0.0,0.0
0.0,0.0,0.0,0.0,0.0,0.0,0.0,0.0,0.0,0.0,0.0
0.0,0.0,0.0,0.0,0.0,0.0,0.0,0.0,0.0,0.0,0.0
0.0,0.0,0.0,0.0,0.0,0.0,0.0,0.0,0.0,0.0,0.0
0.0,0.0,0.0,0.0,0.0,0.0,0.0,0.0,0.0,0.0,0.0
0.0,0.0,0.0,0.0,0.0,0.0,0.0,0.0,0.0,0.0,0.0
0.0,0.0,0.0,0.0,0.0,0.0,0.0,0.0,0.0,0.0,0.0
0.0,0.0,0.0,0.0,0.0,0.0,0.0,0.0,0.0,0.0,0.0
0.0,0.0,0.0,0.0,0.0,0.0,0.0,0.0,0.0,0.0,0.0
0.0,0.0,0.0,0.0,0.0,0.0,0.0,0.0,0.0,0.0,0.0
0.0,0.0,0.0,0.0,0.0,0.0,0.0,0.0,0.0,0.0,0.0
0.0,0.0,0.0,0.0,0.0,0.0,0.0,0.0,0.0,0.0,0.0
0.0,0.0,0.0,0.0,0.0,0.0,0.0,0.0,0.0,0.0,0.0
0.0,0.0,0.0,0.0,0.0,0.0,0.0,0.0,0.0,0.0,0.0
0.0,0.0,0.0,0.0,0.0,0.0,0.0,0.0,0.0,0.0,0.0
0.0,0.0,0.0,0.0,0.0,0.0,0.0,0.0,0.0,0.0,0.0
0.0,0.0,0.0,0.0,0.0,0.0,0.0,0.0,0.0,0.0,0.0
0.0,0.0,0.0,0.0,0.0,0.0,0.0,0.0,0.0,0.0,0.0
0.0,0.0,0.0,0.0,0.0,0.0,0.0,0.0,0.0,0.0,0.0
0.0,0.0,0.0,0.0,0.0,0.0,0.0,0.0,0.0,0.0,0.0
0.0,0.0,0.0,0.0,0.0,0.0,0.0,0.0,0.0,0.0,0.0
0.0,0.0,0.0,0.0,0.0,0.0,0.0,0.0,0.0,0.0,0.0
0.0,0.0,0.0,0.0,0.0,0.0,0.0,0.0,0.0,0.0,0.0
0.0,0.0,0.0,0.0,0.0,0.0,0.0,0.0,0.0,0.0,0.0
0.0,0.0,0.0,0.0,0.0,0.0,0.0,0.0,0.0,0.0,0.0
0.0,0.0,0.0,0.0,0.0,0.0,0.0,0.0,0.0,0.0,0.0
0.0,0.0,0.0,0.0,0.0,0.0,0.0,0.0,0.0,0.0,0.0
0.0,0.0,0.0,0.0,0.0,0.0,0.0,0.0,0.0,0.0,0.0
0.0,0.0,0.0,0.0,0.0,0.0,0.0,0.0,0.0,0.0,0.0
0.0,0.0,0.0,0.0,0.0,0.0,0.0,0.0,0.0,0.0,0.0
0.0,0.0,0.0,0.0,0.0,0.0,0.0,0.0,0.0,0.0,0.0
0.0,0.0,0.0,0.0,0.0,0.0,0.0,0.0,0.0,0.0,0.0
0.0,0.0,0.0,0.0,0.0,0.0,0.0,0.0,0.0,0.0,0.0
0.0,0.0,0.0,0.0,0.0,0.0,0.0,0.0,0.0,0.0,0.0
0.0,0.0,0.0,0.0,0.0,0.0,0.0,0.0,0.0,0.0,0.0
0.0,0.0,0.0,0.0,0.0,0.0,0.0,0.0,0.0,0.0,0.0
0.0,0.0,0.0,0.0,0.0,0.0,0.0,0.0,0.0,0.0,0.0
0.0,0.0,0.0,0.0,0.0,0.0,0.0,0.0,0.0,0.0,0.0
0.0,0.0,0.0,0.0,0.0,0.0,0.0,0.0,0.0,0.0,0.0
0.0,0.0,0.0,0.0,0.0,0.0,0.0,0.0,0.0,0.0,0.0
0.0,0.0,0.0,0.0,0.0,0.0,0.0,0.0,0.0,0.0,0.0
0.0,0.0,0.0,0.0,0.0,0.0,0.0,0.0,0.0,0.0,0.0
0.0,0.0,0.0,0.0,0.0,0.0,0.0,0.0,0.0,0.0,0.0
0.0,0.0,0.0,0.0,0.0,0.0,0.0,0.0,0.0,0.0,0.0
0.0,0.0,0.0,0.0,0.0,0.0,0.0,0.0,0.0,0.0,0.0
0.0,0.0,0.0,0.0,0.0,0.0,0.0,0.0,0.0,0.0,0.0
0.0,0.0,0.0,0.0,0.0,0.0,0.0,0.0,0.0,0.0,0.0
0.0,0.0,0.0,0.0,0.0,0.0,0.0,0.0,0.0,0.0,0.0
